1358.00
1472.00
1412.00
2059.00
1465.00
1462.00
1940.00
2638.00
2125.00
2591.00
2762.00
1791.00
1280.00
1438.00
1250.00
1211.00
1123.00
1321.00
1316.00
1354.00
1320.00
1338.00
1338.00
1338.00
1318.00
1171.00
1319.00
1070.00
1322.00
1303.00
1376.00
1311.00
1308.00
1281.00
1316.00
1279.00
1347.00
1251.00
1424.00
1614.00
1929.00
1429.00
1832.00
1709.00
1772.00
1552.00
1306.00
1754.00
1705.00
1808.00
1708.00
1857.00
1439.00
1241.00
1474.00
1311.00
1494.00
2692.00
2038.00
1643.00
1382.00
1326.00
1333.00
1651.00
1894.00
1601.00
1529.00
1345.00
1505.00
1470.00
1584.00
1590.00
1662.00
1416.00
1474.00
1438.00
1446.00
1451.00
1451.00
1451.00
1608.00
1408.00
1447.00
1473.00
1554.00
1508.00
1459.00
1449.00
1301.00
1510.00
1092.00
1510.00
1451.00
1585.00
1520.00
1515.00
1449.00
1563.00
1594.00
1582.00
1615.00
1621.00
1668.00
1534.00
1686.00
1577.00
1792.00
1752.00
1908.00
1688.00
1603.00
1948.00
1843.00
1668.00
1585.00
1753.00
1631.00
1656.00
1497.00
1600.00
1737.00
1507.00
1562.00
1669.00
1592.00
1678.00
1904.00
1839.00
1734.00
1639.00
2087.00
1992.00
1660.00
1748.00
1947.00
1938.00
1924.00
1712.00
1602.00
1576.00
1651.00
1670.00
1810.00
1615.00
1677.00
1617.00
1582.00
1567.00
1805.00
2098.00
1737.00
1616.00
1520.00
1576.00
1698.00
1694.00
1697.00
1630.00
1675.00
1527.00
1559.00
1687.00
1757.00
1691.00
1717.00
1663.00
1764.00
1984.00
1971.00
1807.00
1804.00
1743.00
1698.00
1647.00
1684.00
1791.00
1771.00
1734.00
1679.00
1716.00
1883.00
1820.00
1880.00
1797.00
1902.00
1807.00
1743.00
1781.00
1800.00
1871.00
1953.00
1840.00
2059.00
1915.00
1776.00
1973.00
2130.00
2030.00
1868.00
2069.00
1859.00
1932.00
2245.00
1997.00
2900.00
2027.00
2209.00
2137.00
1993.00
2288.00
2378.00
2155.00
2127.00
2282.00
2161.00
2139.00
2269.00
2147.00
1993.00
2048.00
2246.00
2108.00
2094.00
2282.00
2225.00
2117.00
2099.00
2098.00
2314.00
2253.00
2163.00
2283.00
2219.00
2185.00
2221.00
2140.00
2162.00
2017.00
2142.00
1836.00
1870.00
2073.00
1831.00
1762.00
1722.00
1821.00
1700.00
1889.00
1823.00
1641.00
1763.00
1837.00
1890.00
1824.00
1822.00
1790.00
1818.00
1997.00
2089.00
2061.00
1780.00
1824.00
1727.00
1743.00
1825.00
1740.00
1815.00
1776.00
1850.00
1701.00
1763.00
1751.00
1687.00
1721.00
1750.00
1621.00
1612.00
1600.00
1702.00
1980.00
1567.00
1774.00
1632.00
1714.00
1548.00
1667.00
2766.00
2965.00
1892.00
1679.00
1941.00
1672.00
1460.00
1609.00
1806.00
1668.00
1725.00
1874.00
1520.00
1697.00
1567.00
1637.00
1652.00
1728.00
1741.00
1554.00
1680.00
1396.00
1580.00
1074.00
1343.00
1445.00
1354.00
1406.00
1502.00
1605.00
1451.00
1499.00
1391.00
1135.00
1239.00
1351.00
1318.00
1473.00
1425.00
3138.00
2149.00
2603.00
2960.00
1936.00
1253.00
1129.00
1553.00
1324.00
1129.00
1284.00
1282.00
1288.00
1189.00
1321.00
1199.00
1122.00
1151.00
1188.00
1195.00
1141.00
1370.00
1285.00
951.00
1618.00
1183.00
1110.00
1117.00
1147.00
1158.00
1453.00
1425.00
1217.00
1203.00
1062.00
1173.00
1212.00
1450.00
1342.00
1321.00
1312.00


